{
 "cells": [
  {
   "cell_type": "markdown",
   "id": "1701b5a7-bf8e-4a92-b1b8-93a8b4a3ada7",
   "metadata": {},
   "source": [
    "# Grid Environment\n"
   ]
  },
  {
   "cell_type": "markdown",
   "id": "25c14be4-7574-4f53-8f1f-165e9617b737",
   "metadata": {},
   "source": [
    "![alt text](assets/image.png)"
   ]
  },
  {
   "cell_type": "code",
   "execution_count": 1,
   "id": "d94800ff-a1c1-4915-a587-d4685a6b46b2",
   "metadata": {
    "tags": []
   },
   "outputs": [],
   "source": [
    "from mdp import MDP\n",
    "import torch\n",
    "from agent import Agent"
   ]
  },
  {
   "cell_type": "markdown",
   "id": "299468c7-6f04-4993-bc30-55030cd2937c",
   "metadata": {},
   "source": [
    "# Creating an environment "
   ]
  },
  {
   "cell_type": "code",
   "execution_count": 2,
   "id": "aed45c7f-2ff6-4e17-9599-97b693eef4b3",
   "metadata": {
    "tags": []
   },
   "outputs": [],
   "source": [
    "# up = 1, down = 2, left = 3, right = 4 \n",
    "# Original array\n",
    "data = [\n",
    "    [0, \"u\", 0, 0, 1], [0, \"d\", 0, 0, 1], [0, \"r\", 0, 0, 1], [0, \"l\", 0, 0, 1],\n",
    "    [1, \"u\", 1, -1, 1], [1, \"d\", 5, -1, 1], [1, \"r\", 2, -1, 1], [1, \"l\", 0, -1, 1],\n",
    "    [2, \"u\", 2, -1, 1], [2, \"d\", 6, -1, 1], [2, \"r\", 3, -1, 1], [2, \"l\", 1, -1, 1],\n",
    "    [3, \"u\", 3, -1, 1], [3, \"d\", 7, -1, 1], [3, \"r\", 3, -1, 1], [3, \"l\", 2, -1, 1],\n",
    "    [4, \"u\", 0, -1, 1], [4, \"d\", 8, -1, 1], [4, \"r\", 5, -1, 1], [4, \"l\", 4, -1, 1],\n",
    "    [5, \"u\", 1, -1, 1], [5, \"d\", 9, -1, 1], [5, \"r\", 6, -1, 1], [5, \"l\", 4, -1, 1],\n",
    "    [6, \"u\", 2, -1, 1], [6, \"d\", 10, -1, 1], [6, \"r\", 7, -1, 1], [6, \"l\", 5, -1, 1],\n",
    "    [7, \"u\", 3, -1, 1], [7, \"d\", 11, -1, 1], [7, \"r\", 7, -1, 1], [7, \"l\", 6, -1, 1],\n",
    "    [8, \"u\", 4, -1, 1], [8, \"d\", 12, -1, 1], [8, \"r\", 9, -1, 1], [8, \"l\", 8, -1, 1],\n",
    "    [9, \"u\", 5, -1, 1], [9, \"d\", 13, -1, 1], [9, \"r\", 10, -1, 1], [9, \"l\", 8, -1, 1],\n",
    "    [10, \"u\", 6, -1, 1], [10, \"d\", 14, -1, 1], [10, \"r\", 11, -1, 1], [10, \"l\", 9, -1, 1],\n",
    "    [11, \"u\", 7, -1, 1], [11, \"d\", 0, -1, 1], [11, \"r\", 11, -1, 1], [11, \"l\", 10, -1, 1],\n",
    "    [12, \"u\", 8, -1, 1], [12, \"d\", 12, -1, 1], [12, \"r\", 13, -1, 1], [12, \"l\", 12, -1, 1],\n",
    "    [13, \"u\", 9, -1, 1], [13, \"d\", 13, -1, 1], [13, \"r\", 14, -1, 1], [13, \"l\", 12, -1, 1],\n",
    "    [14, \"u\", 10, -1, 1], [14, \"d\", 14, -1, 1], [14, \"r\", 0, -1, 1], [14, \"l\", 13, -1, 1],\n",
    "    [15, \"u\", 15, 0, 1], [15, \"d\", 15, 0, 1], [15, \"r\", 15, 0, 1], [15, \"l\", 15, 0, 1]\n",
    "]\n",
    "#s,a,s',r,p\n",
    "# Mapping for directions\n",
    "direction_map = {\"u\": 1, \"d\": 2, \"l\": 3, \"r\": 4}\n",
    "\n",
    "# Convert the data\n",
    "converted_data = [[item[0], direction_map[item[1]], item[2], item[3], item[4]] for item in data]\n",
    "\n",
    "# Convert to PyTorch tensor\n",
    "transition_probs= torch.tensor(converted_data, dtype=torch.int64)\n",
    "action_spaces = [i for i in range(1,5)]\n",
    "state_spaces = [i for i in range (0,16)]\n",
    "\n",
    "\n",
    "grid_env = MDP(state_spaces,action_spaces,transition_probs)\n",
    "agent = Agent(gamma=1.0)"
   ]
  },
  {
   "cell_type": "markdown",
   "id": "302e3576",
   "metadata": {},
   "source": [
    "# Policy Evaluation"
   ]
  },
  {
   "cell_type": "code",
   "execution_count": 3,
   "id": "8ecf73eb",
   "metadata": {},
   "outputs": [
    {
     "name": "stdout",
     "output_type": "stream",
     "text": [
      "\n",
      "Value function after 1 iterations.\n",
      "---------------------------------\n",
      "|   0.00 |  -1.00 |  -1.25 |  -1.31 |\n",
      "---------------------------------\n",
      "|  -1.00 |  -1.50 |  -1.69 |  -1.75 |\n",
      "---------------------------------\n",
      "|  -1.25 |  -1.69 |  -1.84 |  -1.90 |\n",
      "---------------------------------\n",
      "|  -1.31 |  -1.75 |  -1.90 |   0.00 |\n",
      "---------------------------------\n",
      "\n",
      "Value function after 2 iterations.\n",
      "---------------------------------\n",
      "|   0.00 |  -1.94 |  -2.55 |  -2.73 |\n",
      "---------------------------------\n",
      "|  -1.94 |  -2.81 |  -3.24 |  -3.40 |\n",
      "---------------------------------\n",
      "|  -2.55 |  -3.24 |  -3.57 |  -3.22 |\n",
      "---------------------------------\n",
      "|  -2.73 |  -3.40 |  -3.22 |   0.00 |\n",
      "---------------------------------\n",
      "\n",
      "Value function after 3 iterations.\n",
      "---------------------------------\n",
      "|   0.00 |  -2.82 |  -3.83 |  -4.18 |\n",
      "---------------------------------\n",
      "|  -2.82 |  -4.03 |  -4.71 |  -4.88 |\n",
      "---------------------------------\n",
      "|  -3.83 |  -4.71 |  -4.96 |  -4.26 |\n",
      "---------------------------------\n",
      "|  -4.18 |  -4.88 |  -4.26 |   0.00 |\n",
      "---------------------------------\n",
      "\n",
      "Value function after 4 iterations.\n",
      "---------------------------------\n",
      "|   0.00 |  -3.67 |  -5.10 |  -5.58 |\n",
      "---------------------------------\n",
      "|  -3.67 |  -5.19 |  -6.03 |  -6.19 |\n",
      "---------------------------------\n",
      "|  -5.10 |  -6.03 |  -6.15 |  -5.15 |\n",
      "---------------------------------\n",
      "|  -5.58 |  -6.19 |  -5.15 |   0.00 |\n",
      "---------------------------------\n",
      "\n",
      "Value function after 5 iterations.\n",
      "---------------------------------\n",
      "|   0.00 |  -4.49 |  -6.30 |  -6.91 |\n",
      "---------------------------------\n",
      "|  -4.49 |  -6.26 |  -7.22 |  -7.37 |\n",
      "---------------------------------\n",
      "|  -6.30 |  -7.22 |  -7.19 |  -5.93 |\n",
      "---------------------------------\n",
      "|  -6.91 |  -7.37 |  -5.93 |   0.00 |\n",
      "---------------------------------\n",
      "\n",
      "Value function after 6 iterations.\n",
      "---------------------------------\n",
      "|   0.00 |  -5.26 |  -7.43 |  -8.16 |\n",
      "---------------------------------\n",
      "|  -5.26 |  -7.24 |  -8.31 |  -8.44 |\n",
      "---------------------------------\n",
      "|  -7.43 |  -8.31 |  -8.12 |  -6.62 |\n",
      "---------------------------------\n",
      "|  -8.16 |  -8.44 |  -6.62 |   0.00 |\n",
      "---------------------------------\n",
      "\n",
      "Value function after 7 iterations.\n",
      "---------------------------------\n",
      "|   0.00 |  -5.98 |  -8.47 |  -9.30 |\n",
      "---------------------------------\n",
      "|  -5.98 |  -8.14 |  -9.29 |  -9.41 |\n",
      "---------------------------------\n",
      "|  -8.47 |  -9.29 |  -8.96 |  -7.25 |\n",
      "---------------------------------\n",
      "|  -9.30 |  -9.41 |  -7.25 |   0.00 |\n",
      "---------------------------------\n",
      "\n",
      "Value function after 8 iterations.\n",
      "---------------------------------\n",
      "|   0.00 |  -6.65 |  -9.43 | -10.36 |\n",
      "---------------------------------\n",
      "|  -6.65 |  -8.97 | -10.19 | -10.30 |\n",
      "---------------------------------\n",
      "|  -9.43 | -10.19 |  -9.72 |  -7.82 |\n",
      "---------------------------------\n",
      "| -10.36 | -10.30 |  -7.82 |   0.00 |\n",
      "---------------------------------\n",
      "\n",
      "Value function after 9 iterations.\n",
      "---------------------------------\n",
      "|   0.00 |  -7.26 | -10.31 | -11.34 |\n",
      "---------------------------------\n",
      "|  -7.26 |  -9.73 | -11.02 | -11.12 |\n",
      "---------------------------------\n",
      "| -10.31 | -11.02 | -10.42 |  -8.34 |\n",
      "---------------------------------\n",
      "| -11.34 | -11.12 |  -8.34 |   0.00 |\n",
      "---------------------------------\n",
      "\n",
      "Value function after 10 iterations.\n",
      "---------------------------------\n",
      "|   0.00 |  -7.83 | -11.12 | -12.23 |\n",
      "---------------------------------\n",
      "|  -7.83 | -10.42 | -11.77 | -11.86 |\n",
      "---------------------------------\n",
      "| -11.12 | -11.77 | -11.05 |  -8.81 |\n",
      "---------------------------------\n",
      "| -12.23 | -11.86 |  -8.81 |   0.00 |\n",
      "---------------------------------\n",
      "\n",
      "Value function after 11 iterations.\n",
      "---------------------------------\n",
      "|   0.00 |  -8.34 | -11.87 | -13.05 |\n",
      "---------------------------------\n",
      "|  -8.34 | -11.06 | -12.46 | -12.55 |\n",
      "---------------------------------\n",
      "| -11.87 | -12.46 | -11.64 |  -9.25 |\n",
      "---------------------------------\n",
      "| -13.05 | -12.55 |  -9.25 |   0.00 |\n",
      "---------------------------------\n",
      "\n",
      "Value function after 12 iterations.\n",
      "---------------------------------\n",
      "|   0.00 |  -8.82 | -12.55 | -13.80 |\n",
      "---------------------------------\n",
      "|  -8.82 | -11.64 | -13.09 | -13.17 |\n",
      "---------------------------------\n",
      "| -12.55 | -13.09 | -12.17 |  -9.65 |\n",
      "---------------------------------\n",
      "| -13.80 | -13.17 |  -9.65 |   0.00 |\n",
      "---------------------------------\n",
      "\n",
      "Value function after 13 iterations.\n",
      "---------------------------------\n",
      "|   0.00 |  -9.25 | -13.17 | -14.48 |\n",
      "---------------------------------\n",
      "|  -9.25 | -12.17 | -13.67 | -13.74 |\n",
      "---------------------------------\n",
      "| -13.17 | -13.67 | -12.66 | -10.01 |\n",
      "---------------------------------\n",
      "| -14.48 | -13.74 | -10.01 |   0.00 |\n",
      "---------------------------------\n",
      "\n",
      "Value function after 14 iterations.\n",
      "---------------------------------\n",
      "|   0.00 |  -9.65 | -13.74 | -15.11 |\n",
      "---------------------------------\n",
      "|  -9.65 | -12.66 | -14.20 | -14.27 |\n",
      "---------------------------------\n",
      "| -13.74 | -14.20 | -13.11 | -10.35 |\n",
      "---------------------------------\n",
      "| -15.11 | -14.27 | -10.35 |   0.00 |\n",
      "---------------------------------\n",
      "\n",
      "Value function after 15 iterations.\n",
      "---------------------------------\n",
      "|   0.00 | -10.01 | -14.27 | -15.69 |\n",
      "---------------------------------\n",
      "| -10.01 | -13.11 | -14.69 | -14.75 |\n",
      "---------------------------------\n",
      "| -14.27 | -14.69 | -13.52 | -10.65 |\n",
      "---------------------------------\n",
      "| -15.69 | -14.75 | -10.65 |   0.00 |\n",
      "---------------------------------\n",
      "\n",
      "Value function after 16 iterations.\n",
      "---------------------------------\n",
      "|   0.00 | -10.35 | -14.75 | -16.22 |\n",
      "---------------------------------\n",
      "| -10.35 | -13.52 | -15.13 | -15.19 |\n",
      "---------------------------------\n",
      "| -14.75 | -15.13 | -13.89 | -10.93 |\n",
      "---------------------------------\n",
      "| -16.22 | -15.19 | -10.93 |   0.00 |\n",
      "---------------------------------\n",
      "\n",
      "Value function after 17 iterations.\n",
      "---------------------------------\n",
      "|   0.00 | -10.65 | -15.19 | -16.70 |\n",
      "---------------------------------\n",
      "| -10.65 | -13.89 | -15.54 | -15.59 |\n",
      "---------------------------------\n",
      "| -15.19 | -15.54 | -14.24 | -11.19 |\n",
      "---------------------------------\n",
      "| -16.70 | -15.59 | -11.19 |   0.00 |\n",
      "---------------------------------\n",
      "\n",
      "Value function after 18 iterations.\n",
      "---------------------------------\n",
      "|   0.00 | -10.93 | -15.59 | -17.15 |\n",
      "---------------------------------\n",
      "| -10.93 | -14.24 | -15.91 | -15.96 |\n",
      "---------------------------------\n",
      "| -15.59 | -15.91 | -14.55 | -11.43 |\n",
      "---------------------------------\n",
      "| -17.15 | -15.96 | -11.43 |   0.00 |\n",
      "---------------------------------\n",
      "\n",
      "Value function after 19 iterations.\n",
      "---------------------------------\n",
      "|   0.00 | -11.19 | -15.96 | -17.55 |\n",
      "---------------------------------\n",
      "| -11.19 | -14.55 | -16.26 | -16.30 |\n",
      "---------------------------------\n",
      "| -15.96 | -16.26 | -14.84 | -11.64 |\n",
      "---------------------------------\n",
      "| -17.55 | -16.30 | -11.64 |   0.00 |\n",
      "---------------------------------\n",
      "\n",
      "Value function after 20 iterations.\n",
      "---------------------------------\n",
      "|   0.00 | -11.43 | -16.30 | -17.93 |\n",
      "---------------------------------\n",
      "| -11.43 | -14.84 | -16.57 | -16.61 |\n",
      "---------------------------------\n",
      "| -16.30 | -16.57 | -15.11 | -11.84 |\n",
      "---------------------------------\n",
      "| -17.93 | -16.61 | -11.84 |   0.00 |\n",
      "---------------------------------\n",
      "\n",
      "Value function after 21 iterations.\n",
      "---------------------------------\n",
      "|   0.00 | -11.64 | -16.61 | -18.27 |\n",
      "---------------------------------\n",
      "| -11.64 | -15.11 | -16.86 | -16.89 |\n",
      "---------------------------------\n",
      "| -16.61 | -16.86 | -15.35 | -12.02 |\n",
      "---------------------------------\n",
      "| -18.27 | -16.89 | -12.02 |   0.00 |\n",
      "---------------------------------\n",
      "\n",
      "Value function after 22 iterations.\n",
      "---------------------------------\n",
      "|   0.00 | -11.84 | -16.89 | -18.58 |\n",
      "---------------------------------\n",
      "| -11.84 | -15.35 | -17.12 | -17.15 |\n",
      "---------------------------------\n",
      "| -16.89 | -17.12 | -15.57 | -12.19 |\n",
      "---------------------------------\n",
      "| -18.58 | -17.15 | -12.19 |   0.00 |\n",
      "---------------------------------\n",
      "\n",
      "Value function after 23 iterations.\n",
      "---------------------------------\n",
      "|   0.00 | -12.02 | -17.15 | -18.87 |\n",
      "---------------------------------\n",
      "| -12.02 | -15.57 | -17.36 | -17.39 |\n",
      "---------------------------------\n",
      "| -17.15 | -17.36 | -15.77 | -12.34 |\n",
      "---------------------------------\n",
      "| -18.87 | -17.39 | -12.34 |   0.00 |\n",
      "---------------------------------\n",
      "\n",
      "Value function after 24 iterations.\n",
      "---------------------------------\n",
      "|   0.00 | -12.19 | -17.39 | -19.13 |\n",
      "---------------------------------\n",
      "| -12.19 | -15.77 | -17.58 | -17.61 |\n",
      "---------------------------------\n",
      "| -17.39 | -17.58 | -15.96 | -12.48 |\n",
      "---------------------------------\n",
      "| -19.13 | -17.61 | -12.48 |   0.00 |\n",
      "---------------------------------\n",
      "\n",
      "Value function after 25 iterations.\n",
      "---------------------------------\n",
      "|   0.00 | -12.34 | -17.61 | -19.37 |\n",
      "---------------------------------\n",
      "| -12.34 | -15.96 | -17.79 | -17.81 |\n",
      "---------------------------------\n",
      "| -17.61 | -17.79 | -16.13 | -12.61 |\n",
      "---------------------------------\n",
      "| -19.37 | -17.81 | -12.61 |   0.00 |\n",
      "---------------------------------\n",
      "\n",
      "Value function after 26 iterations.\n",
      "---------------------------------\n",
      "|   0.00 | -12.48 | -17.81 | -19.59 |\n",
      "---------------------------------\n",
      "| -12.48 | -16.13 | -17.97 | -17.99 |\n",
      "---------------------------------\n",
      "| -17.81 | -17.97 | -16.29 | -12.72 |\n",
      "---------------------------------\n",
      "| -19.59 | -17.99 | -12.72 |   0.00 |\n",
      "---------------------------------\n",
      "\n",
      "Value function after 27 iterations.\n",
      "---------------------------------\n",
      "|   0.00 | -12.61 | -17.99 | -19.79 |\n",
      "---------------------------------\n",
      "| -12.61 | -16.29 | -18.14 | -18.16 |\n",
      "---------------------------------\n",
      "| -17.99 | -18.14 | -16.43 | -12.83 |\n",
      "---------------------------------\n",
      "| -19.79 | -18.16 | -12.83 |   0.00 |\n",
      "---------------------------------\n",
      "\n",
      "Value function after 28 iterations.\n",
      "---------------------------------\n",
      "|   0.00 | -12.72 | -18.16 | -19.98 |\n",
      "---------------------------------\n",
      "| -12.72 | -16.43 | -18.30 | -18.32 |\n",
      "---------------------------------\n",
      "| -18.16 | -18.30 | -16.56 | -12.93 |\n",
      "---------------------------------\n",
      "| -19.98 | -18.32 | -12.93 |   0.00 |\n",
      "---------------------------------\n",
      "\n",
      "Value function after 29 iterations.\n",
      "---------------------------------\n",
      "|   0.00 | -12.83 | -18.32 | -20.15 |\n",
      "---------------------------------\n",
      "| -12.83 | -16.56 | -18.44 | -18.46 |\n",
      "---------------------------------\n",
      "| -18.32 | -18.44 | -16.68 | -13.02 |\n",
      "---------------------------------\n",
      "| -20.15 | -18.46 | -13.02 |   0.00 |\n",
      "---------------------------------\n",
      "\n",
      "Value function after 30 iterations.\n",
      "---------------------------------\n",
      "|   0.00 | -12.93 | -18.46 | -20.30 |\n",
      "---------------------------------\n",
      "| -12.93 | -16.68 | -18.57 | -18.59 |\n",
      "---------------------------------\n",
      "| -18.46 | -18.57 | -16.79 | -13.10 |\n",
      "---------------------------------\n",
      "| -20.30 | -18.59 | -13.10 |   0.00 |\n",
      "---------------------------------\n",
      "\n",
      "Value function after 31 iterations.\n",
      "---------------------------------\n",
      "|   0.00 | -13.02 | -18.59 | -20.44 |\n",
      "---------------------------------\n",
      "| -13.02 | -16.79 | -18.69 | -18.71 |\n",
      "---------------------------------\n",
      "| -18.59 | -18.69 | -16.90 | -13.18 |\n",
      "---------------------------------\n",
      "| -20.44 | -18.71 | -13.18 |   0.00 |\n",
      "---------------------------------\n",
      "\n",
      "Value function after 32 iterations.\n",
      "---------------------------------\n",
      "|   0.00 | -13.10 | -18.71 | -20.58 |\n",
      "---------------------------------\n",
      "| -13.10 | -16.90 | -18.80 | -18.81 |\n",
      "---------------------------------\n",
      "| -18.71 | -18.80 | -16.99 | -13.24 |\n",
      "---------------------------------\n",
      "| -20.58 | -18.81 | -13.24 |   0.00 |\n",
      "---------------------------------\n",
      "\n",
      "Value function after 33 iterations.\n",
      "---------------------------------\n",
      "|   0.00 | -13.18 | -18.81 | -20.69 |\n",
      "---------------------------------\n",
      "| -13.18 | -16.99 | -18.90 | -18.91 |\n",
      "---------------------------------\n",
      "| -18.81 | -18.90 | -17.07 | -13.31 |\n",
      "---------------------------------\n",
      "| -20.69 | -18.91 | -13.31 |   0.00 |\n",
      "---------------------------------\n",
      "\n",
      "Value function after 34 iterations.\n",
      "---------------------------------\n",
      "|   0.00 | -13.24 | -18.91 | -20.80 |\n",
      "---------------------------------\n",
      "| -13.24 | -17.07 | -18.99 | -19.00 |\n",
      "---------------------------------\n",
      "| -18.91 | -18.99 | -17.15 | -13.37 |\n",
      "---------------------------------\n",
      "| -20.80 | -19.00 | -13.37 |   0.00 |\n",
      "---------------------------------\n",
      "\n",
      "Value function after 35 iterations.\n",
      "---------------------------------\n",
      "|   0.00 | -13.31 | -19.00 | -20.90 |\n",
      "---------------------------------\n",
      "| -13.31 | -17.15 | -19.08 | -19.09 |\n",
      "---------------------------------\n",
      "| -19.00 | -19.08 | -17.22 | -13.42 |\n",
      "---------------------------------\n",
      "| -20.90 | -19.09 | -13.42 |   0.00 |\n",
      "---------------------------------\n",
      "\n",
      "Value function after 36 iterations.\n",
      "---------------------------------\n",
      "|   0.00 | -13.37 | -19.09 | -21.00 |\n",
      "---------------------------------\n",
      "| -13.37 | -17.22 | -19.15 | -19.16 |\n",
      "---------------------------------\n",
      "| -19.09 | -19.15 | -17.29 | -13.47 |\n",
      "---------------------------------\n",
      "| -21.00 | -19.16 | -13.47 |   0.00 |\n",
      "---------------------------------\n",
      "\n",
      "Value function after 37 iterations.\n",
      "---------------------------------\n",
      "|   0.00 | -13.42 | -19.16 | -21.08 |\n",
      "---------------------------------\n",
      "| -13.42 | -17.29 | -19.23 | -19.23 |\n",
      "---------------------------------\n",
      "| -19.16 | -19.23 | -17.35 | -13.51 |\n",
      "---------------------------------\n",
      "| -21.08 | -19.23 | -13.51 |   0.00 |\n",
      "---------------------------------\n",
      "\n",
      "Value function after 38 iterations.\n",
      "---------------------------------\n",
      "|   0.00 | -13.47 | -19.23 | -21.16 |\n",
      "---------------------------------\n",
      "| -13.47 | -17.35 | -19.29 | -19.30 |\n",
      "---------------------------------\n",
      "| -19.23 | -19.29 | -17.40 | -13.55 |\n",
      "---------------------------------\n",
      "| -21.16 | -19.30 | -13.55 |   0.00 |\n",
      "---------------------------------\n",
      "\n",
      "Value function after 39 iterations.\n",
      "---------------------------------\n",
      "|   0.00 | -13.51 | -19.30 | -21.23 |\n",
      "---------------------------------\n",
      "| -13.51 | -17.40 | -19.35 | -19.36 |\n",
      "---------------------------------\n",
      "| -19.30 | -19.35 | -17.45 | -13.59 |\n",
      "---------------------------------\n",
      "| -21.23 | -19.36 | -13.59 |   0.00 |\n",
      "---------------------------------\n",
      "\n",
      "Value function after 40 iterations.\n",
      "---------------------------------\n",
      "|   0.00 | -13.55 | -19.36 | -21.29 |\n",
      "---------------------------------\n",
      "| -13.55 | -17.45 | -19.40 | -19.41 |\n",
      "---------------------------------\n",
      "| -19.36 | -19.40 | -17.50 | -13.62 |\n",
      "---------------------------------\n",
      "| -21.29 | -19.41 | -13.62 |   0.00 |\n",
      "---------------------------------\n",
      "\n",
      "Value function after 41 iterations.\n",
      "---------------------------------\n",
      "|   0.00 | -13.59 | -19.41 | -21.35 |\n",
      "---------------------------------\n",
      "| -13.59 | -17.50 | -19.45 | -19.46 |\n",
      "---------------------------------\n",
      "| -19.41 | -19.45 | -17.54 | -13.66 |\n",
      "---------------------------------\n",
      "| -21.35 | -19.46 | -13.66 |   0.00 |\n",
      "---------------------------------\n",
      "\n",
      "Value function after 42 iterations.\n",
      "---------------------------------\n",
      "|   0.00 | -13.62 | -19.46 | -21.41 |\n",
      "---------------------------------\n",
      "| -13.62 | -17.54 | -19.50 | -19.51 |\n",
      "---------------------------------\n",
      "| -19.46 | -19.50 | -17.58 | -13.69 |\n",
      "---------------------------------\n",
      "| -21.41 | -19.51 | -13.69 |   0.00 |\n",
      "---------------------------------\n",
      "\n",
      "Value function after 43 iterations.\n",
      "---------------------------------\n",
      "|   0.00 | -13.66 | -19.51 | -21.46 |\n",
      "---------------------------------\n",
      "| -13.66 | -17.58 | -19.54 | -19.55 |\n",
      "---------------------------------\n",
      "| -19.51 | -19.54 | -17.61 | -13.71 |\n",
      "---------------------------------\n",
      "| -21.46 | -19.55 | -13.71 |   0.00 |\n",
      "---------------------------------\n",
      "\n",
      "Value function after 44 iterations.\n",
      "---------------------------------\n",
      "|   0.00 | -13.69 | -19.55 | -21.50 |\n",
      "---------------------------------\n",
      "| -13.69 | -17.61 | -19.58 | -19.59 |\n",
      "---------------------------------\n",
      "| -19.55 | -19.58 | -17.65 | -13.74 |\n",
      "---------------------------------\n",
      "| -21.50 | -19.59 | -13.74 |   0.00 |\n",
      "---------------------------------\n",
      "\n",
      "Value function after 45 iterations.\n",
      "---------------------------------\n",
      "|   0.00 | -13.71 | -19.59 | -21.54 |\n",
      "---------------------------------\n",
      "| -13.71 | -17.65 | -19.62 | -19.62 |\n",
      "---------------------------------\n",
      "| -19.59 | -19.62 | -17.68 | -13.76 |\n",
      "---------------------------------\n",
      "| -21.54 | -19.62 | -13.76 |   0.00 |\n",
      "---------------------------------\n",
      "\n",
      "Value function after 46 iterations.\n",
      "---------------------------------\n",
      "|   0.00 | -13.74 | -19.62 | -21.58 |\n",
      "---------------------------------\n",
      "| -13.74 | -17.68 | -19.65 | -19.65 |\n",
      "---------------------------------\n",
      "| -19.62 | -19.65 | -17.70 | -13.78 |\n",
      "---------------------------------\n",
      "| -21.58 | -19.65 | -13.78 |   0.00 |\n",
      "---------------------------------\n",
      "\n",
      "Value function after 47 iterations.\n",
      "---------------------------------\n",
      "|   0.00 | -13.76 | -19.65 | -21.62 |\n",
      "---------------------------------\n",
      "| -13.76 | -17.70 | -19.68 | -19.68 |\n",
      "---------------------------------\n",
      "| -19.65 | -19.68 | -17.73 | -13.80 |\n",
      "---------------------------------\n",
      "| -21.62 | -19.68 | -13.80 |   0.00 |\n",
      "---------------------------------\n",
      "\n",
      "Value function after 48 iterations.\n",
      "---------------------------------\n",
      "|   0.00 | -13.78 | -19.68 | -21.65 |\n",
      "---------------------------------\n",
      "| -13.78 | -17.73 | -19.70 | -19.71 |\n",
      "---------------------------------\n",
      "| -19.68 | -19.70 | -17.75 | -13.81 |\n",
      "---------------------------------\n",
      "| -21.65 | -19.71 | -13.81 |   0.00 |\n",
      "---------------------------------\n",
      "\n",
      "Value function after 49 iterations.\n",
      "---------------------------------\n",
      "|   0.00 | -13.80 | -19.71 | -21.68 |\n",
      "---------------------------------\n",
      "| -13.80 | -17.75 | -19.73 | -19.73 |\n",
      "---------------------------------\n",
      "| -19.71 | -19.73 | -17.77 | -13.83 |\n",
      "---------------------------------\n",
      "| -21.68 | -19.73 | -13.83 |   0.00 |\n",
      "---------------------------------\n",
      "\n",
      "Value function after 50 iterations.\n",
      "---------------------------------\n",
      "|   0.00 | -13.81 | -19.73 | -21.71 |\n",
      "---------------------------------\n",
      "| -13.81 | -17.77 | -19.75 | -19.75 |\n",
      "---------------------------------\n",
      "| -19.73 | -19.75 | -17.79 | -13.84 |\n",
      "---------------------------------\n",
      "| -21.71 | -19.75 | -13.84 |   0.00 |\n",
      "---------------------------------\n",
      "\n",
      "Value function after 51 iterations.\n",
      "---------------------------------\n",
      "|   0.00 | -13.83 | -19.75 | -21.73 |\n",
      "---------------------------------\n",
      "| -13.83 | -17.79 | -19.77 | -19.78 |\n",
      "---------------------------------\n",
      "| -19.75 | -19.77 | -17.81 | -13.86 |\n",
      "---------------------------------\n",
      "| -21.73 | -19.78 | -13.86 |   0.00 |\n",
      "---------------------------------\n",
      "\n",
      "Value function after 52 iterations.\n",
      "---------------------------------\n",
      "|   0.00 | -13.84 | -19.78 | -21.75 |\n",
      "---------------------------------\n",
      "| -13.84 | -17.81 | -19.79 | -19.79 |\n",
      "---------------------------------\n",
      "| -19.78 | -19.79 | -17.82 | -13.87 |\n",
      "---------------------------------\n",
      "| -21.75 | -19.79 | -13.87 |   0.00 |\n",
      "---------------------------------\n",
      "\n",
      "Value function after 53 iterations.\n",
      "---------------------------------\n",
      "|   0.00 | -13.86 | -19.79 | -21.77 |\n",
      "---------------------------------\n",
      "| -13.86 | -17.82 | -19.81 | -19.81 |\n",
      "---------------------------------\n",
      "| -19.79 | -19.81 | -17.84 | -13.88 |\n",
      "---------------------------------\n",
      "| -21.77 | -19.81 | -13.88 |   0.00 |\n",
      "---------------------------------\n",
      "\n",
      "Value function after 54 iterations.\n",
      "---------------------------------\n",
      "|   0.00 | -13.87 | -19.81 | -21.79 |\n",
      "---------------------------------\n",
      "| -13.87 | -17.84 | -19.83 | -19.83 |\n",
      "---------------------------------\n",
      "| -19.81 | -19.83 | -17.85 | -13.89 |\n",
      "---------------------------------\n",
      "| -21.79 | -19.83 | -13.89 |   0.00 |\n",
      "---------------------------------\n",
      "\n",
      "Value function after 55 iterations.\n",
      "---------------------------------\n",
      "|   0.00 | -13.88 | -19.83 | -21.81 |\n",
      "---------------------------------\n",
      "| -13.88 | -17.85 | -19.84 | -19.84 |\n",
      "---------------------------------\n",
      "| -19.83 | -19.84 | -17.86 | -13.90 |\n",
      "---------------------------------\n",
      "| -21.81 | -19.84 | -13.90 |   0.00 |\n",
      "---------------------------------\n",
      "\n",
      "Value function after 56 iterations.\n",
      "---------------------------------\n",
      "|   0.00 | -13.89 | -19.84 | -21.83 |\n",
      "---------------------------------\n",
      "| -13.89 | -17.86 | -19.85 | -19.85 |\n",
      "---------------------------------\n",
      "| -19.84 | -19.85 | -17.88 | -13.91 |\n",
      "---------------------------------\n",
      "| -21.83 | -19.85 | -13.91 |   0.00 |\n",
      "---------------------------------\n",
      "\n",
      "Value function after 57 iterations.\n",
      "---------------------------------\n",
      "|   0.00 | -13.90 | -19.85 | -21.84 |\n",
      "---------------------------------\n",
      "| -13.90 | -17.88 | -19.87 | -19.87 |\n",
      "---------------------------------\n",
      "| -19.85 | -19.87 | -17.89 | -13.92 |\n",
      "---------------------------------\n",
      "| -21.84 | -19.87 | -13.92 |   0.00 |\n",
      "---------------------------------\n",
      "\n",
      "Value function after 58 iterations.\n",
      "---------------------------------\n",
      "|   0.00 | -13.91 | -19.87 | -21.85 |\n",
      "---------------------------------\n",
      "| -13.91 | -17.89 | -19.88 | -19.88 |\n",
      "---------------------------------\n",
      "| -19.87 | -19.88 | -17.90 | -13.92 |\n",
      "---------------------------------\n",
      "| -21.85 | -19.88 | -13.92 |   0.00 |\n",
      "---------------------------------\n",
      "\n",
      "Value function after 59 iterations.\n",
      "---------------------------------\n",
      "|   0.00 | -13.92 | -19.88 | -21.87 |\n",
      "---------------------------------\n",
      "| -13.92 | -17.90 | -19.89 | -19.89 |\n",
      "---------------------------------\n",
      "| -19.88 | -19.89 | -17.90 | -13.93 |\n",
      "---------------------------------\n",
      "| -21.87 | -19.89 | -13.93 |   0.00 |\n",
      "---------------------------------\n",
      "\n",
      "Value function after 60 iterations.\n",
      "---------------------------------\n",
      "|   0.00 | -13.92 | -19.89 | -21.88 |\n",
      "---------------------------------\n",
      "| -13.92 | -17.90 | -19.90 | -19.90 |\n",
      "---------------------------------\n",
      "| -19.89 | -19.90 | -17.91 | -13.93 |\n",
      "---------------------------------\n",
      "| -21.88 | -19.90 | -13.93 |   0.00 |\n",
      "---------------------------------\n",
      "\n",
      "Value function after 61 iterations.\n",
      "---------------------------------\n",
      "|   0.00 | -13.93 | -19.90 | -21.89 |\n",
      "---------------------------------\n",
      "| -13.93 | -17.91 | -19.91 | -19.91 |\n",
      "---------------------------------\n",
      "| -19.90 | -19.91 | -17.92 | -13.94 |\n",
      "---------------------------------\n",
      "| -21.89 | -19.91 | -13.94 |   0.00 |\n",
      "---------------------------------\n",
      "\n",
      "Value function after 62 iterations.\n",
      "---------------------------------\n",
      "|   0.00 | -13.93 | -19.91 | -21.90 |\n",
      "---------------------------------\n",
      "| -13.93 | -17.92 | -19.91 | -19.91 |\n",
      "---------------------------------\n",
      "| -19.91 | -19.91 | -17.93 | -13.95 |\n",
      "---------------------------------\n",
      "| -21.90 | -19.91 | -13.95 |   0.00 |\n",
      "---------------------------------\n",
      "\n",
      "Value function after 63 iterations.\n",
      "---------------------------------\n",
      "|   0.00 | -13.94 | -19.91 | -21.91 |\n",
      "---------------------------------\n",
      "| -13.94 | -17.93 | -19.92 | -19.92 |\n",
      "---------------------------------\n",
      "| -19.91 | -19.92 | -17.93 | -13.95 |\n",
      "---------------------------------\n",
      "| -21.91 | -19.92 | -13.95 |   0.00 |\n",
      "---------------------------------\n",
      "\n",
      "Value function after 64 iterations.\n",
      "---------------------------------\n",
      "|   0.00 | -13.95 | -19.92 | -21.91 |\n",
      "---------------------------------\n",
      "| -13.95 | -17.93 | -19.93 | -19.93 |\n",
      "---------------------------------\n",
      "| -19.92 | -19.93 | -17.94 | -13.95 |\n",
      "---------------------------------\n",
      "| -21.91 | -19.93 | -13.95 |   0.00 |\n",
      "---------------------------------\n",
      "\n",
      "Value function after 65 iterations.\n",
      "---------------------------------\n",
      "|   0.00 | -13.95 | -19.93 | -21.92 |\n",
      "---------------------------------\n",
      "| -13.95 | -17.94 | -19.93 | -19.93 |\n",
      "---------------------------------\n",
      "| -19.93 | -19.93 | -17.94 | -13.96 |\n",
      "---------------------------------\n",
      "| -21.92 | -19.93 | -13.96 |   0.00 |\n",
      "---------------------------------\n",
      "\n",
      "Value function after 66 iterations.\n",
      "---------------------------------\n",
      "|   0.00 | -13.95 | -19.93 | -21.93 |\n",
      "---------------------------------\n",
      "| -13.95 | -17.94 | -19.94 | -19.94 |\n",
      "---------------------------------\n",
      "| -19.93 | -19.94 | -17.95 | -13.96 |\n",
      "---------------------------------\n",
      "| -21.93 | -19.94 | -13.96 |   0.00 |\n",
      "---------------------------------\n",
      "\n",
      "Value function after 67 iterations.\n",
      "---------------------------------\n",
      "|   0.00 | -13.96 | -19.94 | -21.93 |\n",
      "---------------------------------\n",
      "| -13.96 | -17.95 | -19.94 | -19.94 |\n",
      "---------------------------------\n",
      "| -19.94 | -19.94 | -17.95 | -13.96 |\n",
      "---------------------------------\n",
      "| -21.93 | -19.94 | -13.96 |   0.00 |\n",
      "---------------------------------\n",
      "\n",
      "Value function after 68 iterations.\n",
      "---------------------------------\n",
      "|   0.00 | -13.96 | -19.94 | -21.94 |\n",
      "---------------------------------\n",
      "| -13.96 | -17.95 | -19.95 | -19.95 |\n",
      "---------------------------------\n",
      "| -19.94 | -19.95 | -17.96 | -13.97 |\n",
      "---------------------------------\n",
      "| -21.94 | -19.95 | -13.97 |   0.00 |\n",
      "---------------------------------\n",
      "\n",
      "Value function after 69 iterations.\n",
      "---------------------------------\n",
      "|   0.00 | -13.96 | -19.95 | -21.94 |\n",
      "---------------------------------\n",
      "| -13.96 | -17.96 | -19.95 | -19.95 |\n",
      "---------------------------------\n",
      "| -19.95 | -19.95 | -17.96 | -13.97 |\n",
      "---------------------------------\n",
      "| -21.94 | -19.95 | -13.97 |   0.00 |\n",
      "---------------------------------\n",
      "\n",
      "Value function after 70 iterations.\n",
      "---------------------------------\n",
      "|   0.00 | -13.97 | -19.95 | -21.95 |\n",
      "---------------------------------\n",
      "| -13.97 | -17.96 | -19.96 | -19.96 |\n",
      "---------------------------------\n",
      "| -19.95 | -19.96 | -17.96 | -13.97 |\n",
      "---------------------------------\n",
      "| -21.95 | -19.96 | -13.97 |   0.00 |\n",
      "---------------------------------\n",
      "\n",
      "Value function after 71 iterations.\n",
      "---------------------------------\n",
      "|   0.00 | -13.97 | -19.96 | -21.95 |\n",
      "---------------------------------\n",
      "| -13.97 | -17.96 | -19.96 | -19.96 |\n",
      "---------------------------------\n",
      "| -19.96 | -19.96 | -17.97 | -13.98 |\n",
      "---------------------------------\n",
      "| -21.95 | -19.96 | -13.98 |   0.00 |\n",
      "---------------------------------\n",
      "\n",
      "Value function after 72 iterations.\n",
      "---------------------------------\n",
      "|   0.00 | -13.97 | -19.96 | -21.96 |\n",
      "---------------------------------\n",
      "| -13.97 | -17.97 | -19.96 | -19.96 |\n",
      "---------------------------------\n",
      "| -19.96 | -19.96 | -17.97 | -13.98 |\n",
      "---------------------------------\n",
      "| -21.96 | -19.96 | -13.98 |   0.00 |\n",
      "---------------------------------\n",
      "\n",
      "Value function after 73 iterations.\n",
      "---------------------------------\n",
      "|   0.00 | -13.98 | -19.96 | -21.96 |\n",
      "---------------------------------\n",
      "| -13.98 | -17.97 | -19.97 | -19.97 |\n",
      "---------------------------------\n",
      "| -19.96 | -19.97 | -17.97 | -13.98 |\n",
      "---------------------------------\n",
      "| -21.96 | -19.97 | -13.98 |   0.00 |\n",
      "---------------------------------\n",
      "\n",
      "Value function after 74 iterations.\n",
      "---------------------------------\n",
      "|   0.00 | -13.98 | -19.97 | -21.96 |\n",
      "---------------------------------\n",
      "| -13.98 | -17.97 | -19.97 | -19.97 |\n",
      "---------------------------------\n",
      "| -19.97 | -19.97 | -17.97 | -13.98 |\n",
      "---------------------------------\n",
      "| -21.96 | -19.97 | -13.98 |   0.00 |\n",
      "---------------------------------\n",
      "\n",
      "Value function after 75 iterations.\n",
      "---------------------------------\n",
      "|   0.00 | -13.98 | -19.97 | -21.97 |\n",
      "---------------------------------\n",
      "| -13.98 | -17.97 | -19.97 | -19.97 |\n",
      "---------------------------------\n",
      "| -19.97 | -19.97 | -17.98 | -13.98 |\n",
      "---------------------------------\n",
      "| -21.97 | -19.97 | -13.98 |   0.00 |\n",
      "---------------------------------\n",
      "\n",
      "Value function after 76 iterations.\n",
      "---------------------------------\n",
      "|   0.00 | -13.98 | -19.97 | -21.97 |\n",
      "---------------------------------\n",
      "| -13.98 | -17.98 | -19.97 | -19.97 |\n",
      "---------------------------------\n",
      "| -19.97 | -19.97 | -17.98 | -13.98 |\n",
      "---------------------------------\n",
